1777205114371 6.997981774119621 1
1777205347839 5.921891749169549 2
1777205582313 5.587368976048991 3
1777205810614 5.357667005741324 4
1777206037857 5.181953780116664 5
1777206265956 5.031547593078041 6
1777206499143 4.9097150675227965 7
1777206727859 4.803546159839272 8
1777206952917 4.702676161040792 9
1777207177968 4.6131793770193035 10
1777207405169 4.529588162715994 11
1777207633381 4.459595823401846 12
1777207862036 4.391025775856062 13
1777208086709 4.3332734902699785 14
1777208314919 4.270698159434859 15
1777208543181 4.219281194316613 16
1777208771485 4.166656213585975 17
1777209000098 4.121301144147969 18
1777209229392 4.078561589482781 19
1777209457672 4.036421940050936 20
1777209687118 3.995131151214959 21
1777209911904 3.959633831195317 22
1777210137006 3.9229063847820655 23
1777210362802 3.8905188463036007 24
1777210589289 3.859081462152742 25
1777210819254 3.833523281358363 26
1777211049555 3.799228369111862 27
1777211278776 3.7712148260801817 28
1777211505908 3.7456105342703605 29
1777211734335 3.7214840423202644 30
