1777205114371 3.7493717792456325 1
1777205347839 2.9126565274180343 2
1777205582313 2.6095996610299186 3
1777205810614 2.4091428188853032 4
1777206037857 2.2640282970693324 5
1777206265956 2.1504143806741896 6
1777206499143 2.060245213269455 7
1777206727859 1.9817333356872917 8
1777206952917 1.9154970178991322 9
1777207177968 1.857981480416565 10
1777207405169 1.8061936889155168 11
1777207633381 1.7634849658967366 12
1777207862036 1.7217944116162913 13
1777208086709 1.6869142600921427 14
1777208314919 1.652454794978412 15
1777208543181 1.6226534349281443 16
1777208771485 1.59429104321648 17
1777209000098 1.5682098515730838 18
1777209229392 1.544694876272253 19
1777209457672 1.52147631216521 20
1777209687118 1.4998203481028651 21
1777209911904 1.481334922257563 22
1777210137006 1.4624697780983311 23
1777210362802 1.445367807334944 24
1777210589289 1.4281019903376255 25
1777210819254 1.4143147670299434 26
1777211049555 1.39757269126732 27
1777211278776 1.3836468786804474 28
1777211505908 1.3712236657560746 29
1777211734335 1.3585985780616379 30
