1777143924164 0.0003719855265506935 1
1777144024246 0.0009087154818730189 2
1777144124044 0.0009987753680576656 3
1777144224179 0.000989054006054129 4
1777144324400 0.0009698138030411603 5
1777144424475 0.0009414292476850009 6
1777144525065 0.000904452813068705 7
1777144626497 0.0008596042034320076 8
1777144727390 0.0008077563459469501 9
1777144827680 0.0007499184001834151 10
1777144927858 0.0006872161159660018 11
1777145028280 0.000620869921934211 12
1777145128641 0.0005521711712871939 13
1777145228933 0.0004824570070626245 14
1777145329281 0.0004130843361684475 15
1777145429468 0.0003454034187333745 16
1777145530084 0.0002807315868293764 17
1777145630242 0.0002203276041013465 18
1777145730263 0.00016536716536457355 19
1777145830821 0.00011692001304249642 20
1777145931071 7.592911584724564e-05 21
1777146031250 4.3192314966272e-05 22
1777146131594 1.9346794991164686e-05 23
1777146231332 4.856681844362215e-06 24
1777146331732 4.009096007644924e-09 25
