1777143924164 84038.4048945526 1
1777144024246 83136.87073087432 2
1777144124044 82720.09439036885 3
1777144224179 82340.85407061134 4
1777144324400 82087.0198300888 5
1777144424475 81916.00201716188 6
1777144525065 81783.24056523223 7
1777144626497 81683.2628500683 8
1777144727390 81594.3497587944 9
1777144827680 81519.8103974556 10
1777144927858 81456.07012038934 11
1777145028280 81397.92945269808 12
1777145128641 81342.76876280738 13
1777145228933 81296.22714950478 14
1777145329281 81240.31837004781 15
1777145429468 81181.44716423326 16
1777145530084 81167.0182611851 17
1777145630242 81124.7433081455 18
1777145730263 81094.82949112022 19
1777145830821 81057.22099129099 20
1777145931071 81029.79962858607 21
1777146031250 81022.53812329235 22
1777146131594 80996.98748078893 23
1777146231332 80997.78034281079 24
1777146331732 80991.99844176913 25
