1777143924164 84038.57221226093 1
1777144024246 83137.02505976777 2
1777144124044 82720.24593365779 3
1777144224179 82341.00295636954 4
1777144324400 82087.16686945014 5
1777144424475 81916.1482880806 6
1777144525065 81783.38623847337 7
1777144626497 81683.4079042862 8
1777144727390 81594.49455686475 9
1777144827680 81519.95474726777 10
1777144927858 81456.214096653 11
1777145028280 81398.07314079576 12
1777145128641 81342.91230148566 13
1777145228933 81296.37050674522 14
1777145329281 81240.4611616291 15
1777145429468 81181.58973702186 16
1777145530084 81167.16070056353 17
1777145630242 81124.88549137636 18
1777145730263 81094.97142887636 19
1777145830821 81057.3626835724 20
1777145931071 81029.94106471994 21
1777146031250 81022.67962346312 22
1777146131594 80997.12888490438 23
1777146231332 80997.92164019808 24
1777146331732 80992.13993126708 25
