1777218938538 2.5e-05 50
1777218946273 5e-05 100
1777218954055 7.500000000000001e-05 150
1777218962164 0.0001 200
1777218969873 9.997322937381829e-05 250
1777218977895 9.989294616193017e-05 300
1777218986240 9.975923633360985e-05 350
1777218993803 9.957224306869053e-05 400
1777219001532 9.933216660424395e-05 450
1777219009104 9.903926402016153e-05 500
1777219024757 9.869384896386668e-05 550
1777219032965 9.829629131445342e-05 600
1777219040541 9.784701678661045e-05 650
1777219048455 9.73465064747553e-05 700
1777219056037 9.67952963378663e-05 750
1777219063778 9.619397662556435e-05 800
1777219071361 9.554319124605879e-05 850
1777219079194 9.484363707663442e-05 900
1777219086793 9.409606321741775e-05 950
1777219094575 9.330127018922194e-05 1000
1777219110264 9.246010907632895e-05 1050
1777219117853 9.157348061512727e-05 1100
1777219125456 9.064233422958077e-05 1150
1777219133028 8.966766701456177e-05 1200
1777219140621 8.865052266813685e-05 1250
1777219148231 8.759199037394887e-05 1300
1777219155856 8.649320363489179e-05 1350
1777219163478 8.535533905932738e-05 1400
1777219171119 8.417961510114356e-05 1450
1777219178734 8.296729075500344e-05 1500
1777219193805 8.171966420818228e-05 1550
1777219201360 8.043807145043604e-05 1600
1777219208927 7.912388484339012e-05 1650
1777219216528 7.777851165098012e-05 1700
1777219224093 7.64033925325184e-05 1750
1777219231673 7.500000000000001e-05 1800
1777219239258 7.35698368412999e-05 1850
1777219246881 7.211443451095007e-05 1900
1777219254453 7.063535149021973e-05 1950
1777219262058 6.91341716182545e-05 2000
1777219277139 6.761250239606169e-05 2050
1777219284757 6.607197326515808e-05 2100
1777219292378 6.451423386272312e-05 2150
1777219299976 6.294095225512603e-05 2200
1777219307583 6.135381315171867e-05 2250
1777219315216 5.9754516100806423e-05 2300
1777219322841 5.814477366972945e-05 2350
1777219330473 5.6526309611002594e-05 2400
1777219338092 5.490085701647805e-05 2450
1777219345695 5.327015646150716e-05 2500
1777219360904 5.1635954141088813e-05 2550
1777219368505 5e-05 2600
1777219376136 4.83640458589112e-05 2650
1777219383732 4.6729843538492847e-05 2700
1777219391325 4.509914298352197e-05 2750
1777219399002 4.347369038899744e-05 2800
1777219406622 4.185522633027057e-05 2850
1777219414218 4.0245483899193595e-05 2900
1777219421863 3.864618684828134e-05 2950
1777219429491 3.705904774487396e-05 3000
1777219444912 3.5485766137276894e-05 3050
1777219452494 3.392802673484193e-05 3100
1777219460076 3.2387497603938326e-05 3150
1777219467696 3.086582838174551e-05 3200
1777219475285 2.936464850978027e-05 3250
1777219482938 2.7885565489049946e-05 3300
1777219490538 2.6430163158700115e-05 3350
1777219498162 2.500000000000001e-05 3400
1777219505795 2.3596607467481603e-05 3450
1777219513432 2.2221488349019903e-05 3500
1777219528785 2.08761151566099e-05 3550
1777219536406 1.9561928549563968e-05 3600
1777219544030 1.8280335791817733e-05 3650
1777219551634 1.703270924499656e-05 3700
1777219559269 1.5820384898856434e-05 3750
1777219566881 1.4644660940672627e-05 3800
1777219574482 1.3506796365108232e-05 3850
1777219582066 1.2408009626051137e-05 3900
1777219589654 1.134947733186315e-05 3950
1777219597267 1.0332332985438248e-05 4000
1777219612522 9.357665770419244e-06 4050
1777219620115 8.426519384872733e-06 4100
1777219627738 7.539890923671062e-06 4150
1777219635375 6.698729810778065e-06 4200
1777219642979 5.903936782582253e-06 4250
1777219650645 5.156362923365588e-06 4300
1777219658298 4.456808753941205e-06 4350
1777219665928 3.8060233744356633e-06 4400
1777219673563 3.2047036621337236e-06 4450
1777219681207 2.653493525244721e-06 4500
1777219696532 2.152983213389559e-06 4550
1777219704143 1.70370868554659e-06 4600
1777219711742 1.3061510361333185e-06 4650
1777219719366 9.607359798384785e-07 4700
1777219726986 6.678333957560512e-07 4750
1777219734640 4.277569313094809e-07 4800
1777219742283 2.407636663901591e-07 4850
1777219749914 1.0705383806982606e-07 4900
1777219757529 2.6770626181715773e-08 4950
1777219765133 0.0 5000
