1777218938525 2.2145533561706543 50
1777218946249 2.123230457305908 100
1777218954032 2.2522332668304443 150
1777218962149 2.355144739151001 200
1777218969863 2.263356924057007 250
1777218977880 2.113706588745117 300
1777218986224 2.147979736328125 350
1777218993789 2.4969370365142822 400
1777219001517 2.2783427238464355 450
1777219009090 2.055673837661743 500
1777219024740 2.2195911407470703 550
1777219032948 2.1434710025787354 600
1777219040525 2.328131914138794 650
1777219048436 2.1910481452941895 700
1777219056023 2.408970594406128 750
1777219063763 2.282104015350342 800
1777219071350 2.4370782375335693 850
1777219079178 2.1007723808288574 900
1777219086775 2.2172763347625732 950
1777219094564 2.3141069412231445 1000
1777219110251 2.1797611713409424 1050
1777219117839 2.1680548191070557 1100
1777219125443 2.2569081783294678 1150
1777219133014 2.189946413040161 1200
1777219140608 2.5234603881835938 1250
1777219148217 2.1890811920166016 1300
1777219155843 2.1783649921417236 1350
1777219163464 2.4110889434814453 1400
1777219171104 2.270643949508667 1450
1777219178721 2.127654552459717 1500
1777219193791 2.4152560234069824 1550
1777219201346 2.183847665786743 1600
1777219208914 2.4327280521392822 1650
1777219216513 2.0355582237243652 1700
1777219224080 2.326387405395508 1750
1777219231660 2.2124528884887695 1800
1777219239244 2.244105577468872 1850
1777219246868 2.181394100189209 1900
1777219254440 2.373837471008301 1950
1777219262045 2.3977482318878174 2000
1777219277126 2.135962963104248 2050
1777219284743 2.1949501037597656 2100
1777219292363 2.152590751647949 2150
1777219299962 2.1576337814331055 2200
1777219307569 2.183084011077881 2250
1777219315201 2.150395393371582 2300
1777219322827 2.2819533348083496 2350
1777219330460 2.2392635345458984 2400
1777219338079 2.2793471813201904 2450
1777219345681 2.3114731311798096 2500
1777219360889 2.061563491821289 2550
1777219368491 2.143583297729492 2600
1777219376123 2.548114538192749 2650
1777219383718 2.472287178039551 2700
1777219391309 2.393430709838867 2750
1777219398989 2.259202718734741 2800
1777219406607 2.1942522525787354 2850
1777219414204 2.1641948223114014 2900
1777219421848 2.226433277130127 2950
1777219429476 2.251108407974243 3000
1777219444899 2.2598350048065186 3050
1777219452479 2.256645917892456 3100
1777219460062 2.2342915534973145 3150
1777219467681 2.2449848651885986 3200
1777219475269 2.174131393432617 3250
1777219482924 2.0275442600250244 3300
1777219490524 2.1162126064300537 3350
1777219498148 2.240614652633667 3400
1777219505780 2.1801791191101074 3450
1777219513417 2.147228479385376 3500
1777219528771 2.344982385635376 3550
1777219536392 2.2743277549743652 3600
1777219544015 2.194182872772217 3650
1777219551620 2.1308212280273438 3700
1777219559255 2.1919925212860107 3750
1777219566867 2.5166072845458984 3800
1777219574468 2.1972150802612305 3850
1777219582052 2.329404592514038 3900
1777219589640 2.248279094696045 3950
1777219597252 2.484480381011963 4000
1777219612507 2.311967611312866 4050
1777219620101 2.3174221515655518 4100
1777219627724 2.163846015930176 4150
1777219635360 2.1214585304260254 4200
1777219642964 2.250825881958008 4250
1777219650631 2.146929979324341 4300
1777219658283 2.452139139175415 4350
1777219665913 2.1700639724731445 4400
1777219673548 2.2200777530670166 4450
1777219681194 2.129059076309204 4500
1777219696518 2.0281882286071777 4550
1777219704128 2.2126243114471436 4600
1777219711728 2.4392263889312744 4650
1777219719350 2.237499475479126 4700
1777219726972 2.23885178565979 4750
1777219734625 2.25569224357605 4800
1777219742267 2.0388784408569336 4850
1777219749899 2.311192512512207 4900
1777219757514 2.4140231609344482 4950
1777219765119 2.411834239959717 5000
