1777327339736 0.4572064173311692 1
1777329325495 0.1582642758340272 2
1777331335347 0.10076450253812223 3
1777333391874 0.025867570288291047 4
1777335377916 -0.07477903152486635 5
1777337362014 -0.19338380860329388 6
1777339329720 -0.3101604083613308 7
1777341304168 -0.41292400788812617 8
1777343271788 -0.5034482611535896 9
1777345246934 -0.5505944656903289 10
1777347224707 -0.5859376071135032 11
1777349183339 -0.6197182173790158 12
1777351144593 -0.6498576575515529 13
1777353110603 -0.6668767107083823 14
1777355082099 -0.6809953480897326 15
1777357059521 -0.6901624077899563 16
1777359050080 -0.7077516927614064 17
