1777327339736 0.04620449481958111 1
1777329325495 0.03214755663254955 2
1777331335347 0.02929412281342231 3
1777333391874 0.02832983195258377 4
1777335377916 0.02813887255928153 5
1777337362014 0.028243302817517472 6
1777339329720 0.028263866436809035 7
1777341304168 0.02839293044452967 8
1777343271788 0.025392613008503942 9
1777345246934 0.025373948942385236 10
1777347224707 0.02547356096862662 11
1777349183339 0.025623086995483463 12
1777351144593 0.023831470681257207 13
1777353110603 0.02381550176679605 14
1777355082099 0.02388359619492312 15
1777357059521 0.023913868262009957 16
1777359050080 0.02290565792095622 17
