1777253337106 0.0007632292123037878 1
1777253438174 0.000996543733108514 2
1777253539405 0.0009696249512389695 3
1777253640387 0.0009173886745107622 4
1777253741615 0.0008426509741231658 5
1777253842780 0.0007494409788492084 6
1777253944021 0.0006427836636606171 7
1777254044994 0.0005284289520264256 8
1777254146088 0.00041254173605044747 9
1777254247078 0.00030136952554223485 10
1777254348066 0.00020090564314614024 11
1777254449089 0.00011656612276624359 12
1777254550428 5.289772977669643e-05 13
1777254650909 1.3332843723514237e-05 14
1777254750981 4.417854813265343e-09 15
