1777253337106 3.1728379282686445 1
1777253438174 1.6596790293852488 2
1777253539405 1.2852000097433727 3
1777253640387 1.1183432784345415 4
1777253741615 1.0164448890421125 5
1777253842780 0.9368844601843093 6
1777253944021 0.8723976820707321 7
1777254044994 0.8276372217469745 8
1777254146088 0.7830522679620319 9
1777254247078 0.7455923762586382 10
1777254348066 0.7148640520042844 11
1777254449089 0.6900477899445427 12
1777254550428 0.6732474396626155 13
1777254650909 0.6643061376280255 14
1777254750981 0.6581437789731556 15
