1777253337106 0.11950195079876316 1
1777253438174 0.10280153838296731 2
1777253539405 0.10388260744512082 3
1777253640387 0.1021947107795212 4
1777253741615 0.09967541156543626 5
1777253842780 0.09693180119825734 6
1777253944021 0.09401532225310802 7
1777254044994 0.09163645398285654 8
1777254146088 0.0890554339521461 9
1777254247078 0.0867370892316103 10
1777254348066 0.08506081658932897 11
1777254449089 0.0834265712234709 12
1777254550428 0.08233307045367029 13
1777254650909 0.08174366474979454 14
1777254750981 0.08141828556027678 15
