1777159083774 0.0002801983470537314 1
1777159185612 0.0007603965301843224 2
1777159287500 0.000999999993683328 3
1777159389574 0.0009966099593649383 4
1777159491742 0.0009865041543190894 5
1777159594035 0.0009698192422226813 6
1777159695014 0.0009467808578891199 7
1777159795727 0.0009177005559445393 8
1777159896990 0.0008829715975859507 9
1777159998129 0.0008430636323981858 10
1777160098575 0.0007985163471489375 11
1777160199403 0.0007499321674510523 12
1777160300077 0.0006979681109895664 13
1777160400866 0.0006433269024846199 14
1777160500758 0.0005867474705451296 15
1777160600519 0.0005289949549269734 16
1777160700454 0.000470850359330377 17
1777160800298 0.00041309998966466716 18
1777160899851 0.00035652482060974453 19
1777160999906 0.00030188993427328564 20
1777161098864 0.00024993417376772444 21
1777161198057 0.00020136015162462828 22
1777161297327 0.0001568247481655305 23
1777161396340 0.00011693022832244832 24
1777161495530 8.221609703785356e-05 25
1777161594760 5.3151803385837565e-05 26
1777161694007 3.013039207871633e-05 27
1777161793130 1.3463188211558582e-05 28
1777161892076 3.375587124348037e-06 29
1777161992640 4.006316672009565e-09 30
