1777327339736 0.46644731622018987 1
1777329325495 0.16469378710679258 2
1777331335347 0.10662332709246898 3
1777333391874 0.031533536647270204 4
1777335377916 -0.06915125716027398 5
1777337362014 -0.18773514806073396 6
1777339329720 -0.30450763504798717 7
1777341304168 -0.4072454218181481 8
1777343271788 -0.4983697383388846 9
1777345246934 -0.5455196762328643 10
1777347224707 -0.5808428947035169 11
1777349183339 -0.6145935999023502 12
1777351144593 -0.6450913633393967 13
1777353110603 -0.6621136103594509 14
1777355082099 -0.6762186292154426 15
1777357059521 -0.6853796339945606 16
1777359050080 -0.7031705612626065 17
