1777159083774 28978.640448898565 1
1777159185612 21559.03754429218 2
1777159287500 17942.007673753415 3
1777159389574 15108.880627241291 4
1777159491742 13111.786082116632 5
1777159594035 11931.148465516137 6
1777159695014 11084.87390403539 7
1777159795727 10413.474495976348 8
1777159896990 9862.607629994876 9
1777159998129 9483.113848910305 10
1777160098575 9070.158716087133 11
1777160199403 8766.623143597379 12
1777160300077 8392.29099961578 13
1777160400866 8090.992837874615 14
1777160500758 7817.156350057633 15
1777160600519 7586.1472721620985 16
1777160700454 7346.880586551187 17
1777160800298 7126.728256809255 18
1777160899851 6869.060439479807 19
1777160999906 6121.880041112014 20
1777161098864 -6170.990136917823 21
1777161198057 -123000.06409333443 22
1777161297327 -461473.9241002818 23
1777161396340 -983962.1974730778 24
1777161495530 -1638997.6255062916 25
1777161594760 -2125787.0494231344 26
1777161694007 -2562165.918583104 27
1777161793130 -2871175.769408513 28
1777161892076 -3059997.810102619 29
1777161992640 -3103543.5924599236 30
