1777159083774 28978.48882823173 1
1777159185612 21558.8983614562 2
1777159287500 17941.86413107283 3
1777159389574 15108.73589320782 4
1777159491742 13111.64177499573 5
1777159594035 11931.004886147755 6
1777159695014 11084.731101114241 7
1777159795727 10413.333245949667 8
1777159896990 9862.467401890155 9
1777159998129 9482.974655401511 10
1777160098575 9070.02051581711 11
1777160199403 8766.486662317495 12
1777160300077 8392.155603627689 13
1777160400866 8090.859488398651 14
1777160500758 7817.024731578723 15
1777160600519 7586.017048486595 16
1777160700454 7346.751367454321 17
1777160800298 7126.600388490438 18
1777160899851 6868.932929367315 19
1777160999906 6121.747276014317 20
1777161098864 -6171.229426441297 21
1777161198057 -123001.17318125241 22
1777161297327 -461477.35424771335 23
1777161396340 -983969.2561168566 24
1777161495530 -1639008.703418169 25
1777161594760 -2125801.63870923 26
1777161694007 -2562183.0826802906 27
1777161793130 -2871194.6807574495 28
1777161892076 -3060017.6378240534 29
1777161992640 -3103563.7337393006 30
