1777205114371 0.0001 1
1777205347839 0.0001 2
1777205582313 0.0001 3
1777205810614 0.0001 4
1777206037857 0.0001 5
1777206265956 0.0001 6
1777206499143 0.0001 7
1777206727859 0.0001 8
1777206952917 0.0001 9
1777207177968 0.0001 10
1777207405169 0.0001 11
1777207633381 0.0001 12
1777207862036 0.0001 13
1777208086709 0.0001 14
1777208314919 0.0001 15
1777208543181 0.0001 16
1777208771485 0.0001 17
1777209000098 0.0001 18
1777209229392 0.0001 19
1777209457672 0.0001 20
1777209687118 0.0001 21
1777209911904 0.0001 22
1777210137006 0.0001 23
1777210362802 0.0001 24
1777210589289 0.0001 25
1777210819254 0.0001 26
1777211049555 0.0001 27
1777211278776 0.0001 28
1777211505908 0.0001 29
1777211734335 0.0001 30
