1777205114371 2.349775394983399 1
1777205347839 1.7282781501306035 2
1777205582313 1.492125849681517 3
1777205810614 1.3376093965185172 4
1777206037857 1.2276375222555893 5
1777206265956 1.1441048439839967 6
1777206499143 1.0783021850864134 7
1777206727859 1.0210240899154002 8
1777206952917 0.9749617709392819 9
1777207177968 0.9353455915177735 10
1777207405169 0.90027604388605 11
1777207633381 0.8715657873675914 12
1777207862036 0.84358924377172 13
1777208086709 0.8202595502717712 14
1777208314919 0.7983151506295753 15
1777208543181 0.7787971840971202 16
1777208771485 0.7609597883078882 17
1777209000098 0.7439496101514751 18
1777209229392 0.7289825461192246 19
1777209457672 0.7141919105136733 20
1777209687118 0.7007941058453989 21
1777209911904 0.6894081429241867 22
1777210137006 0.6778884884217866 23
1777210362802 0.667264023918375 24
1777210589289 0.656285686618596 25
1777210819254 0.6476100993640429 26
1777211049555 0.6377270069088964 27
1777211278776 0.6294039029669981 28
1777211505908 0.6221015454152061 29
1777211734335 0.6143017558057493 30
