1777253337106 3.1489375326368543 1
1777253438174 1.6391187191009522 2
1777253539405 1.2644234895706177 3
1777253640387 1.0979043354590734 4
1777253741615 0.9965098083019257 5
1777253842780 0.9174981034464307 6
1777253944021 0.8535946173800363 7
1777254044994 0.8093099319272571 8
1777254146088 0.7652411841683917 9
1777254247078 0.7282449589835273 10
1777254348066 0.6978518886698617 11
1777254449089 0.6733624762958951 12
1777254550428 0.6567808253897561 13
1777254650909 0.6479574034611384 14
1777254750981 0.6418601228131189 15
