1777431158588 0.0001 1
1777431424309 0.0001 2
1777431689439 0.0001 3
1777431955162 0.0001 4
1777432215677 0.0001 5
1777432476452 0.0001 6
1777432737285 0.0001 7
1777432998196 0.0001 8
1777433256617 0.0001 9
1777433515720 0.0001 10
1777433774113 0.0001 11
1777434032195 0.0001 12
1777434290369 0.0001 13
1777434548532 0.0001 14
1777434810443 0.0001 15
1777435078233 0.0001 16
1777435342550 0.0001 17
1777435601845 0.0001 18
1777435861076 0.0001 19
1777436120076 0.0001 20
1777436376913 0.0001 21
1777436633878 0.0001 22
1777436890731 0.0001 23
1777437152876 0.0001 24
1777437408783 0.0001 25
1777437664387 0.0001 26
1777437920001 0.0001 27
1777438175748 0.0001 28
1777438431286 0.0001 29
1777438686874 0.0001 30
