1777431158588 2.2042868250020735 1
1777431424309 1.5117509091970092 2
1777431689439 1.2976230616375921 3
1777431955162 1.179347991760336 4
1777432215677 1.0959537517939033 5
1777432476452 1.0334583067804504 6
1777432737285 0.9834586348968006 7
1777432998196 0.9417596420140366 8
1777433256617 0.9071055031481638 9
1777433515720 0.8768163861898138 10
1777433774113 0.8512944926055614 11
1777434032195 0.8291613933617895 12
1777434290369 0.8067102117552281 13
1777434548532 0.7871742949921782 14
1777434810443 0.7707722102038 15
1777435078233 0.7553390555010034 16
1777435342550 0.7412598623793428 17
1777435601845 0.7277397423098007 18
1777435861076 0.7157030149313095 19
1777436120076 0.7051504501016097 20
1777436376913 0.6940303962920478 21
1777436633878 0.6851909832411844 22
1777436890731 0.6752472288858277 23
1777437152876 0.6671343551524789 24
1777437408783 0.6579184578023075 25
1777437664387 0.6505115873595628 26
1777437920001 0.6427804811828091 27
1777438175748 0.6362503901230764 28
1777438431286 0.6289259287144535 29
1777438686874 0.6232482746411249 30
