1777370410997 2.5e-05 50
1777370420243 5e-05 100
1777370429462 7.500000000000001e-05 150
1777370438717 0.0001 200
1777370447958 9.997322937381829e-05 250
1777370457235 9.989294616193017e-05 300
1777370466502 9.975923633360985e-05 350
1777370475734 9.957224306869053e-05 400
1777370485023 9.933216660424395e-05 450
1777370494270 9.903926402016153e-05 500
1777370511857 9.869384896386668e-05 550
1777370521152 9.829629131445342e-05 600
1777370530462 9.784701678661045e-05 650
1777370539759 9.73465064747553e-05 700
1777370549069 9.67952963378663e-05 750
1777370558336 9.619397662556435e-05 800
1777370567631 9.554319124605879e-05 850
1777370576936 9.484363707663442e-05 900
1777370586223 9.409606321741775e-05 950
1777370595501 9.330127018922194e-05 1000
1777370612562 9.246010907632895e-05 1050
1777370621866 9.157348061512727e-05 1100
1777370631177 9.064233422958077e-05 1150
1777370640486 8.966766701456177e-05 1200
1777370649823 8.865052266813685e-05 1250
1777370659142 8.759199037394887e-05 1300
1777370668439 8.649320363489179e-05 1350
1777370677712 8.535533905932738e-05 1400
1777370686972 8.417961510114356e-05 1450
1777370696243 8.296729075500344e-05 1500
1777370713307 8.171966420818228e-05 1550
1777370722566 8.043807145043604e-05 1600
1777370731850 7.912388484339012e-05 1650
1777370741131 7.777851165098012e-05 1700
1777370750414 7.64033925325184e-05 1750
1777370759726 7.500000000000001e-05 1800
1777370769013 7.35698368412999e-05 1850
1777370778289 7.211443451095007e-05 1900
1777370787573 7.063535149021973e-05 1950
1777370796879 6.91341716182545e-05 2000
1777370814079 6.761250239606169e-05 2050
1777370823379 6.607197326515808e-05 2100
1777370832650 6.451423386272312e-05 2150
1777370841942 6.294095225512603e-05 2200
1777370851233 6.135381315171867e-05 2250
1777370860527 5.9754516100806423e-05 2300
1777370869833 5.814477366972945e-05 2350
1777370879144 5.6526309611002594e-05 2400
1777370888430 5.490085701647805e-05 2450
1777370897716 5.327015646150716e-05 2500
1777370914854 5.1635954141088813e-05 2550
1777370924145 5e-05 2600
1777370933439 4.83640458589112e-05 2650
1777370942734 4.6729843538492847e-05 2700
1777370952044 4.509914298352197e-05 2750
1777370961365 4.347369038899744e-05 2800
1777370970700 4.185522633027057e-05 2850
1777370980006 4.0245483899193595e-05 2900
1777370989294 3.864618684828134e-05 2950
1777370998649 3.705904774487396e-05 3000
1777371015654 3.5485766137276894e-05 3050
1777371024969 3.392802673484193e-05 3100
1777371034457 3.2387497603938326e-05 3150
1777371043703 3.086582838174551e-05 3200
1777371052938 2.936464850978027e-05 3250
1777371062209 2.7885565489049946e-05 3300
1777371071427 2.6430163158700115e-05 3350
1777371080662 2.500000000000001e-05 3400
1777371089898 2.3596607467481603e-05 3450
1777371099130 2.2221488349019903e-05 3500
1777371116151 2.08761151566099e-05 3550
1777371125363 1.9561928549563968e-05 3600
1777371134590 1.8280335791817733e-05 3650
1777371143826 1.703270924499656e-05 3700
1777371153069 1.5820384898856434e-05 3750
1777371162292 1.4644660940672627e-05 3800
1777371171525 1.3506796365108232e-05 3850
1777371180758 1.2408009626051137e-05 3900
1777371189992 1.134947733186315e-05 3950
1777371199223 1.0332332985438248e-05 4000
1777371216562 9.357665770419244e-06 4050
1777371226025 8.426519384872733e-06 4100
1777371235340 7.539890923671062e-06 4150
1777371244618 6.698729810778065e-06 4200
1777371253906 5.903936782582253e-06 4250
1777371263247 5.156362923365588e-06 4300
1777371272548 4.456808753941205e-06 4350
1777371281840 3.8060233744356633e-06 4400
1777371291133 3.2047036621337236e-06 4450
1777371300443 2.653493525244721e-06 4500
1777371317715 2.152983213389559e-06 4550
1777371326990 1.70370868554659e-06 4600
1777371336295 1.3061510361333185e-06 4650
1777371345626 9.607359798384785e-07 4700
1777371354920 6.678333957560512e-07 4750
1777371364228 4.277569313094809e-07 4800
1777371373550 2.407636663901591e-07 4850
1777371382831 1.0705383806982606e-07 4900
1777371392156 2.6770626181715773e-08 4950
1777371401490 0.0 5000
