1777370410984 2.5333330631256104 50
1777370420229 2.469032049179077 100
1777370429448 2.1803696155548096 150
1777370438703 2.303410530090332 200
1777370447943 2.2558107376098633 250
1777370457220 2.33785080909729 300
1777370466488 2.4889214038848877 350
1777370475720 2.097114086151123 400
1777370485007 2.299008369445801 450
1777370494255 2.225512742996216 500
1777370511843 2.2292838096618652 550
1777370521137 2.3511061668395996 600
1777370530447 2.19500994682312 650
1777370539744 2.158794641494751 700
1777370549054 2.285229444503784 750
1777370558321 2.2098817825317383 800
1777370567616 2.3129920959472656 850
1777370576921 2.384904146194458 900
1777370586209 2.148146629333496 950
1777370595485 2.1843645572662354 1000
1777370612548 2.3899128437042236 1050
1777370621851 2.301470994949341 1100
1777370631161 2.4143247604370117 1150
1777370640470 2.0946171283721924 1200
1777370649808 2.4173314571380615 1250
1777370659127 2.2303717136383057 1300
1777370668424 2.3055481910705566 1350
1777370677697 2.3193488121032715 1400
1777370686957 2.3321616649627686 1450
1777370696228 2.219595193862915 1500
1777370713291 2.1677424907684326 1550
1777370722551 2.1080503463745117 1600
1777370731835 2.129709005355835 1650
1777370741116 2.473970890045166 1700
1777370750399 2.2676808834075928 1750
1777370759710 2.3024864196777344 1800
1777370768997 2.188415050506592 1850
1777370778273 2.0952818393707275 1900
1777370787558 2.080198287963867 1950
1777370796864 2.271505832672119 2000
1777370814064 2.2257471084594727 2050
1777370823362 2.088364362716675 2100
1777370832634 2.3709704875946045 2150
1777370841926 2.4105613231658936 2200
1777370851217 2.088697671890259 2250
1777370860512 2.2492332458496094 2300
1777370869817 1.931243658065796 2350
1777370879128 2.217310667037964 2400
1777370888414 2.4092650413513184 2450
1777370897700 1.9567679166793823 2500
1777370914839 2.0843350887298584 2550
1777370924130 2.1809604167938232 2600
1777370933424 2.2313897609710693 2650
1777370942720 2.178396224975586 2700
1777370952028 2.3545949459075928 2750
1777370961349 2.097980260848999 2800
1777370970686 1.970636248588562 2850
1777370979989 1.9513055086135864 2900
1777370989279 2.217054605484009 2950
1777370998634 2.2049286365509033 3000
1777371015638 2.121922254562378 3050
1777371024953 1.98017156124115 3100
1777371034440 2.1583199501037598 3150
1777371043688 2.4764912128448486 3200
1777371052922 1.9010369777679443 3250
1777371062193 2.3802857398986816 3300
1777371071411 2.175084114074707 3350
1777371080646 2.2610831260681152 3400
1777371089882 2.2250773906707764 3450
1777371099114 2.237414598464966 3500
1777371116133 2.023643970489502 3550
1777371125347 2.2221288681030273 3600
1777371134575 1.9315086603164673 3650
1777371143808 2.1658146381378174 3700
1777371153054 2.3350679874420166 3750
1777371162276 2.0863022804260254 3800
1777371171508 2.1811447143554688 3850
1777371180743 2.161811113357544 3900
1777371189974 2.129851818084717 3950
1777371199209 2.5112147331237793 4000
1777371216545 2.088625431060791 4050
1777371226008 2.215031623840332 4100
1777371235325 2.2994792461395264 4150
1777371244600 2.0554115772247314 4200
1777371253890 2.225003719329834 4250
1777371263230 2.158693313598633 4300
1777371272532 2.196359157562256 4350
1777371281824 2.3819949626922607 4400
1777371291117 2.3393845558166504 4450
1777371300426 2.257180690765381 4500
1777371317699 2.1943979263305664 4550
1777371326973 2.161294937133789 4600
1777371336279 2.2192206382751465 4650
1777371345610 2.2040793895721436 4700
1777371354905 2.2125372886657715 4750
1777371364212 2.180837869644165 4800
1777371373533 2.2176876068115234 4850
1777371382815 2.3577399253845215 4900
1777371392140 2.1877880096435547 4950
1777371401475 2.329493999481201 5000
