1777431158588 7.058906705824437 1
1777431424309 5.924870813962585 2
1777431689439 5.588359989106391 3
1777431955162 5.364763319268644 4
1777432215677 5.205606711110089 5
1777432476452 5.074064220026954 6
1777432737285 4.9626786856064005 7
1777432998196 4.8635390240029235 8
1777433256617 4.779710764447319 9
1777433515720 4.7055807738367585 10
1777433774113 4.632323204067859 11
1777434032195 4.572579674572719 12
1777434290369 4.5105652329214845 13
1777434548532 4.456444520016491 14
1777434810443 4.407563760800396 15
1777435078233 4.359356263927615 16
1777435342550 4.317830567309491 17
1777435601845 4.278381864514541 18
1777435861076 4.2406055571804355 19
1777436120076 4.206149365217846 20
1777436376913 4.173786266148599 21
1777436633878 4.139969488574717 22
1777436890731 4.112542997891892 23
1777437152876 4.082460208624062 24
1777437408783 4.054471771613765 25
1777437664387 4.031120950555037 26
1777437920001 4.005514120006269 27
1777438175748 3.981959573484777 28
1777438431286 3.961625799958676 29
1777438686874 3.9369651574968114 30
