1777431158588 3.6160681852908803 1
1777431424309 2.696725094167904 2
1777431689439 2.4152950806163838 3
1777431955162 2.2523006765316143 4
1777432215677 2.1370751114275546 5
1777432476452 2.0482711685838573 6
1777432737285 1.9759943903366968 7
1777432998196 1.9144674595693238 8
1777433256617 1.8630476695854319 9
1777433515720 1.8179325530326476 10
1777433774113 1.777759145771184 11
1777434032195 1.7436773400386418 12
1777434290369 1.7088232712304783 13
1777434548532 1.6784632112417803 14
1777434810443 1.6522849737601408 15
1777435078233 1.6272103200793389 16
1777435342550 1.6048259893727765 17
1777435601845 1.5834161281097632 18
1777435861076 1.5638241366451815 19
1777436120076 1.5463803352979375 20
1777436376913 1.5287876621686896 21
1777436633878 1.5131848943148078 22
1777436890731 1.4977558389616192 23
1777437152876 1.4836264077570203 24
1777437408783 1.468812822400812 25
1777437664387 1.4567357910366767 26
1777437920001 1.4438833193907514 27
1777438175748 1.4326423165416684 28
1777438431286 1.4212511019753906 29
1777438686874 1.4106413184966051 30
